42469  2222 24775 23218 42484 38542 21507 19640
52955 10686 11876 23521 11262 39993 39375 27242
 8980 16635 22574 63999 59294   474  6277  3456
40542 56836 41836 63441 25538  1241 60338 47562
61926 18902 13370 23141 15980 28051 24620 48991
24175 55928 36704 18420 21656 31046 44621 16206
49669 33553 32846 56674  2497 48521 29454 22248
 2692 43882 35678 44543 62900 60169 38913 19881
44321  2317 15351  2277 15500  4425 48117 62094
10876 46908  4138 20047 46739 62866 29323 58603
56669 30402 24928  3051 55391  4512 40221 38827
12691  3386   231  4021 41402  9119 52924 41944
27109 38969 47591  7584 18583 21746 23903 18577
43481 49763  7328 63887 31196 22519 19689 20142
19830 57067 44962 47236 51511 26532 27260  1912
21545 18869 38987 23076 10612 55910   870 48605
39123  1589 13358  7158 22846 49879 49210 64552
40483 33109 26408  6199 43826 18860 52657 47561
24350 13345 14044 25189 10299
0000452
